=== Algorithm Performance Info ===

Algorithm: BFS
  Run 1:
    Steps: 3
    States Explored: [((1, 2, 3), (0, 5, 6), (4, 7, 8)), ((0, 2, 3), (1, 5, 6), (4, 7, 8)), ((1, 2, 3), (4, 5, 6), (0, 7, 8)), ((1, 2, 3), (5, 0, 6), (4, 7, 8)), ((2, 0, 3), (1, 5, 6), (4, 7, 8)), ((1, 2, 3), (4, 5, 6), (7, 0, 8)), ((1, 0, 3), (5, 2, 6), (4, 7, 8)), ((1, 2, 3), (5, 7, 6), (4, 0, 8)), ((1, 2, 3), (5, 6, 0), (4, 7, 8)), ((2, 5, 3), (1, 0, 6), (4, 7, 8)), ((2, 3, 0), (1, 5, 6), (4, 7, 8)), ((1, 2, 3), (4, 0, 6), (7, 5, 8)), ((1, 2, 3), (4, 5, 6), (7, 8, 0))]
    Runtime: 0.16 ms
    Path Length: 0

================================
